1653673002.528787 0.001556999999999975 16679.336263648307 16679.336263648307 10 8080 1-1
1653673003.3086395 0.0015010000000000023 155511.56000166532 34033.364230900435 1000 8080 1-2
1653673004.038971 0.001373000000000013 97704.61580480606 41992.27067763864 1000 8080 1-3
1653673004.7276764 0.0014429999999999998 100798.43966562717 49343.04180113721 1000 8080 1-4
1653673005.425515 0.0013769999999999893 121297.99836601401 58337.41137174681 1000 8080 1-5
1653673006.141416 0.0013879999999999726 121634.79939661623 66249.5848748555 1000 8080 1-6
1653673006.839558 0.0014029999999999876 123103.951354242 73356.38068477882 1000 8080 2-7
1653673007.5192773 0.0015080000000000093 118273.5048491372 78971.02120532362 1000 8080 2-8
1653673008.2592697 0.0014610000000000178 134516.97253593264 85914.26512164975 1000 8080 2-9
1653673008.9595723 0.001468999999999998 133921.35381211728 91915.15120795819 1000 8080 2-10
1653673009.6377473 0.0014899999999999913 121652.81564597387 95632.35926271015 1000 8080 2-11
1653673010.3507996 0.0017570000000000086 194139.73570005596 107945.78131737837 1000 8080 2-12
1653673011.0998135 0.0019949999999999968 97369.4000626568 106623.73366053817 1000 8080 3-13
1653673011.850059 0.001705000000000012 103767.0683651019 106266.65049860864 1000 8080 3-14
1653673012.5392404 0.0014160000000000006 104123.9075741525 105998.80763305162 1000 8080 3-15
1653673013.210152 0.0013869999999999993 53789.794745854386 99472.68102215196 1000 8080 3-16
1653673013.8287852 0.0013880000000000003 57608.74459654177 94239.68896895068 1000 8080 3-17
1653673014.499906 0.0017490000000000006 50461.31271440822 88767.39193713288 1000 8080 3-18
1653673015.2099063 0.0013869999999999993 49990.56529379959 83920.28860671622 1000 8080 4-19
1653673015.8995721 0.0028409999999999824 49732.50230992639 79646.8153196175 1000 8080 4-20
1653673016.63768 0.0014520000000000088 55407.815728305446 76616.9403707035 1000 8080 4-21
1653673017.4327195 0.0021000000000000185 30767.299107142586 70885.73521275839 1000 8080 4-22
1653673018.124732 0.0016239999999999866 158491.76416256287 81836.48883148395 1000 8080 4-23
1653673018.8710942 0.002021999999999996 129849.97063550966 87838.17405698716 1000 8080 4-24
1653673019.6631289 0.001583000000000001 167721.98752368908 97823.6507403249 1000 8080 5-25
1653673020.4099133 0.0016260000000000163 121378.4305811796 100767.99822043173 1000 8080 5-26
1653673021.1390896 0.001468999999999998 117133.65278250526 102813.70504069093 1000 8080 5-27
